0.008835004074740027 0.032884727191407885 254.40769476197448 0.005028543507586255 
0.026057157274976817 0.013466057796846799 104.17810984676245 0.007397015867171339 
0.033935767046614274 0.005563746252865684 43.04307741990218 0.008370837538373697 
0.026741649818177393 0.015617716647897162 120.8240915824098 0.007106180994312809 
0.016039990919239244 0.028933979298239144 223.84333404106818 0.005483020472025864 
0.014155791921666605 0.03043964206412167 235.49166522920694 0.005413517954373943 
0.020519042482192162 0.021676401509159473 167.69618633543388 0.0066319661396674985 
0.02530240125486216 0.015696845016495244 121.43625618174313 0.007413505486522552 
0.022727280518324733 0.019915494130955676 154.07319399097463 0.006810322684399596 
0.017453226708767033 0.02796072333615725 216.3138871861374 0.00577754793360075 
